0 0.591023 0.523118 0.037328 0.045514
0 0.850078 0.562396 0.061766 0.079153
0 0.386320 0.626479 0.060344 0.094069
0 0.613719 0.476444 0.036594 0.034639
0 0.306184 0.413299 0.020102 0.019597
0 0.528711 0.726479 0.068359 0.103097
0 0.718422 0.604090 0.064609 0.080347
0 0.815516 0.925056 0.154937 0.149889
0 0.408172 0.434271 0.031094 0.031458
0 0.373641 0.439972 0.037234 0.032722
0 0.454676 0.521243 0.050977 0.061931
0 0.265535 0.482819 0.046258 0.052444
0 0.345664 0.489931 0.043203 0.059222
0 0.255352 0.552868 0.046437 0.056514
0 0.483023 0.437111 0.042188 0.027444
0 0.581203 0.483194 0.040844 0.045000
0 0.482926 0.473194 0.041492 0.040556
0 0.455734 0.587201 0.055906 0.070347
0 0.274164 0.601854 0.043672 0.082319
0 0.777320 0.563424 0.082859 0.092403
