0 0.635215 0.559694 0.058945 0.056444
0 0.554688 0.461806 0.053125 0.049444
0 0.378836 0.617194 0.059859 0.098028
0 0.478199 0.612215 0.065148 0.094347
0 0.237355 0.533854 0.038992 0.053903
0 0.273047 0.489500 0.037500 0.038444
0 0.307559 0.469979 0.040258 0.040319
0 0.396742 0.449597 0.034656 0.032167
0 0.271941 0.832722 0.080508 0.161889
0 0.686523 0.742688 0.090188 0.116347
0 0.768801 0.568944 0.067367 0.067306
0 0.814422 0.519597 0.059906 0.057917
0 0.429090 0.436458 0.037242 0.034889
0 0.772852 0.652861 0.078312 0.090583
0 0.608117 0.889674 0.110719 0.182292
0 0.275813 0.707993 0.062688 0.101264
0 0.497332 0.481389 0.042758 0.038750
0 0.462691 0.949444 0.114289 0.095083
0 0.326355 0.416861 0.034852 0.035861
0 0.762918 0.409319 0.037430 0.050444
0 0.965617 0.707667 0.064375 0.065278
