0 0.544293 0.586549 0.057648 0.081431
0 0.476270 0.632667 0.059898 0.081889
0 0.700043 0.537701 0.057023 0.058625
0 0.736105 0.518403 0.052773 0.050639
0 0.285625 0.625569 0.053938 0.103528
0 0.616543 0.497646 0.051570 0.059653
0 0.842543 0.615944 0.072773 0.069472
0 0.778332 0.642958 0.087617 0.117111
0 0.262273 0.898542 0.121719 0.191667
0 0.552844 0.472118 0.052297 0.055625
0 0.292566 0.503799 0.040148 0.049764
0 0.623305 0.679708 0.078016 0.101861
0 0.438078 0.582187 0.048578 0.062819
0 0.205137 0.473785 0.026133 0.029681
0 0.990824 0.642319 0.018023 0.057972
0 0.328539 0.538944 0.042922 0.064000
0 0.460629 0.520604 0.055258 0.063153
0 0.379500 0.515347 0.043844 0.066667
