0 0.748547 0.579840 0.070609 0.068097
0 0.911730 0.600278 0.079195 0.080000
0 0.392121 0.635278 0.092211 0.195556
0 0.727047 0.793458 0.121125 0.180417
0 0.429945 0.509937 0.051469 0.065236
0 0.328020 0.541375 0.038570 0.062972
0 0.371973 0.475062 0.038477 0.038958
0 0.917988 0.545840 0.067836 0.054431
0 0.293238 0.778486 0.072430 0.150000
0 0.544289 0.733528 0.073797 0.110306
0 0.301063 0.596229 0.042797 0.074347
0 0.897281 0.460250 0.070922 0.064389
0 0.508844 0.566375 0.054641 0.063167
0 0.333816 0.486021 0.042555 0.046042
0 0.322051 0.417250 0.041477 0.034167
0 0.251699 0.551090 0.041086 0.049458
0 0.292254 0.506646 0.039008 0.062097
0 0.737227 0.495806 0.052578 0.058389
