0 0.535688 0.435424 0.044516 0.041931
0 0.663152 0.476292 0.043758 0.030861
0 0.840418 0.959729 0.047195 0.068264
0 0.282738 0.782111 0.078508 0.169556
0 0.936516 0.692208 0.085641 0.076556
0 0.979398 0.580125 0.041125 0.071694
0 0.447281 0.573403 0.053781 0.065833
0 0.610254 0.474090 0.050336 0.051625
0 0.596523 0.529813 0.038641 0.048931
0 0.397578 0.657521 0.069687 0.137236
0 0.929129 0.608486 0.083602 0.075306
0 0.676910 0.580743 0.062211 0.066819
0 0.522504 0.693181 0.066523 0.116250
0 0.682719 0.721694 0.086203 0.128083
0 0.811191 0.676153 0.085023 0.082917
0 0.544859 0.581868 0.070656 0.104542
0 0.286922 0.633090 0.047359 0.075069
0 0.273109 0.589583 0.047359 0.062444
0 0.330324 0.549236 0.044242 0.067361
0 0.342168 0.494153 0.039492 0.054028
0 0.236953 0.523056 0.034687 0.053889
0 0.499129 0.483118 0.048648 0.050319
0 0.445906 0.465819 0.032437 0.039833
0 0.473625 0.423361 0.046000 0.056611
