0 0.423809 0.421687 0.037070 0.034153
0 0.239656 0.521167 0.040266 0.063167
0 0.985582 0.636264 0.028383 0.087583
0 0.333945 0.429528 0.028828 0.022111
0 0.663555 0.521965 0.052891 0.044931
0 0.857562 0.704792 0.103625 0.097361
0 0.859426 0.942514 0.119742 0.108250
0 0.433320 0.897361 0.104922 0.205278
0 0.597383 0.639958 0.071953 0.089639
0 0.562137 0.490819 0.043336 0.045306
0 0.568262 0.448264 0.042305 0.037083
0 0.295184 0.467153 0.041773 0.047083
0 0.830715 0.612056 0.071617 0.062139
0 0.344723 0.495181 0.040539 0.045361
0 0.342578 0.410479 0.025781 0.018736
0 0.189688 0.395979 0.020937 0.020014
0 0.630980 0.561507 0.054930 0.050625
0 0.307930 0.529340 0.041797 0.072653
0 0.382117 0.625778 0.050766 0.080389
0 0.273965 0.839493 0.085648 0.135764
0 0.252598 0.403944 0.028477 0.028611
0 0.507133 0.464465 0.040359 0.037986
