0 0.825617 0.553174 0.072453 0.071042
0 0.835090 0.693562 0.090305 0.084542
0 0.488504 0.458472 0.026742 0.025833
0 0.324102 0.527431 0.045703 0.071250
0 0.347227 0.438750 0.030703 0.024722
0 0.389984 0.431806 0.031281 0.028056
0 0.458281 0.470486 0.041719 0.037083
0 0.262488 0.544188 0.042789 0.061347
0 0.314562 0.476799 0.040375 0.030819
0 0.385051 0.485382 0.046039 0.044347
0 0.969527 0.717917 0.060945 0.098611
0 0.614754 0.503715 0.051102 0.050569
0 0.622016 0.453903 0.049344 0.036639
0 0.323090 0.419146 0.029945 0.024569
0 0.245195 0.468882 0.037844 0.045958
0 0.502848 0.649896 0.069930 0.107847
0 0.282715 0.652715 0.056102 0.099875
0 0.555629 0.460847 0.035242 0.038972
0 0.559059 0.775174 0.082117 0.124764
0 0.765852 0.602361 0.068687 0.075500
