0 0.372715 0.510569 0.043664 0.049722
0 0.682031 0.497563 0.052500 0.052875
0 0.258699 0.554542 0.041508 0.081861
0 0.628871 0.867486 0.120961 0.172528
0 0.709703 0.551840 0.060687 0.062014
0 0.273445 0.492076 0.044344 0.041847
0 0.321887 0.479028 0.040258 0.036389
0 0.821996 0.559021 0.068773 0.055764
0 0.424316 0.566549 0.052336 0.080403
0 0.301055 0.650069 0.051656 0.093056
0 0.332496 0.536979 0.043039 0.062375
0 0.778430 0.655236 0.084578 0.071583
0 0.567648 0.498556 0.055547 0.091250
0 0.800590 0.506889 0.063258 0.047667
0 0.633387 0.444938 0.087336 0.080431
0 0.955594 0.604542 0.060469 0.071000
0 0.565293 0.478840 0.051898 0.052153
