0 0.774734 0.870417 0.118641 0.148306
0 0.877773 0.645674 0.082687 0.071264
0 0.246949 0.907264 0.098727 0.153556
0 0.366016 0.424792 0.040141 0.047306
0 0.313867 0.415049 0.029781 0.041597
0 0.235547 0.518444 0.040688 0.052417
0 0.263703 0.485160 0.038625 0.043514
0 0.229211 0.454493 0.040984 0.041931
0 0.423668 0.541243 0.059523 0.079153
0 0.521508 0.661243 0.071312 0.125292
0 0.409402 0.675194 0.059086 0.113833
0 0.284801 0.690958 0.060633 0.132806
0 0.340656 0.542938 0.051359 0.061986
0 0.850840 0.694007 0.089523 0.083181
0 0.267227 0.587076 0.047422 0.076542
0 0.700340 0.598917 0.066695 0.071306
0 0.715336 0.513646 0.055375 0.059792
0 0.456187 0.604014 0.051344 0.077194
0 0.576258 0.483083 0.050875 0.052889
