0 0.499820 0.556868 0.065250 0.073042
0 0.342871 0.543014 0.040086 0.067778
0 0.353422 0.465382 0.048797 0.066292
0 0.440617 0.581764 0.052109 0.067083
0 0.447813 0.457743 0.046500 0.048264
0 0.626020 0.499549 0.052102 0.053181
0 0.491508 0.462472 0.038531 0.040222
0 0.595125 0.528715 0.048922 0.060597
0 0.839027 0.618604 0.091758 0.080875
0 0.832172 0.548007 0.085797 0.074958
0 0.249664 0.520278 0.045828 0.079444
0 0.289648 0.596250 0.080391 0.173889
0 0.532348 0.680410 0.070008 0.116681
0 0.722699 0.548438 0.064523 0.070153
